1008659877234
1011232445324
1031313883477
1043663310294
574899371082
601466746632
605635445671
610754666278
618088370594
620962434991
626870858900
633290838427
640677820330
685507763622
730457871690
750823014230
771469115687
779855679422
806111412119
808879476422
811854245496
813864119689
816941448471
823654901969
827398606023
848004299046
857177213094
857450222082
864792917447
909175163603
909396409962
910336163474
916021252923
916541571511
931119901508
938681434081
953084449412
979308481956
984005427975
989048818124
994807846724
996796303193
